436004.8,691200.8,2390.0
436072.0,694937.3,2369.3
436139.1,698673.8,2348.7
436206.3,702410.3,2328.0
436269.3,706146.8,2307.4
436323.8,709883.5,2286.7
436378.2,713620.2,2266.0
436432.7,717356.9,2245.4
436487.1,721093.6,2224.7
436541.5,724830.3,2204.1
436596.0,728567.0,2183.4
436650.4,732303.7,2162.7
434647.5,734873.9,2148.5
434985.3,738595.7,2127.9
434672.8,741944.3,2109.4
433778.8,743838.0,2099.0
436431.8,746322.1,2085.2
436727.9,750034.4,2064.7
438493.0,753035.2,2048.1
439067.4,756727.9,2027.7
439316.2,760425.5,2007.2
438853.9,764133.9,1986.7
438391.6,767842.3,1966.2
437620.2,771339.7,1946.9
434480.4,772386.8,1941.1
431670.4,770872.5,1949.5
429021.9,769496.1,1957.1
428525.7,765978.4,1976.5
428952.7,762265.8,1997.1
428429.2,758702.7,2016.8
426882.7,755300.6,2035.6
425336.1,751898.6,2054.4
426193.6,748594.5,2072.7
428012.0,745329.7,2090.7
427729.9,742045.6,2108.9
425971.4,738748.1,2127.1
426012.4,735191.7,2146.8
426770.1,731532.2,2167.0
427527.7,727872.7,2187.2
428198.3,724203.2,2207.5
428288.8,720467.2,2228.2
428379.4,716731.2,2248.8
428469.9,712995.3,2269.5
428560.5,709259.3,2290.2
428651.0,705523.3,2310.8
428741.6,701787.3,2331.5
429567.6,698165.5,2351.5
430614.7,694578.1,2371.3
431661.8,690990.8,2391.2
432709.0,687403.4,2411.0
433605.7,683777.0,2431.0
434432.2,680132.5,2451.2
435258.7,676487.9,2471.4
436085.3,672843.4,2491.5
433967.7,669767.4,2508.5
431843.6,666692.6,2525.5
429151.2,667958.3,2518.5
426307.2,670382.6,2505.1
427688.6,673472.8,2488.0
429649.1,676654.4,2470.4
429019.0,679916.7,2452.4
427260.5,683214.3,2434.2
425844.1,686605.9,2415.4
425668.5,690338.9,2394.8
425492.8,694071.8,2374.1
424228.4,697264.8,2356.5
421362.9,699663.7,2343.2
418497.4,702062.6,2329.9
416298.8,703319.2,2323.0
416979.2,699644.5,2343.3
417659.6,695969.9,2363.6
417716.2,692560.7,2382.5
414596.4,690503.4,2393.9
411476.6,688446.1,2405.2
412698.5,685885.0,2419.4
415264.3,683167.9,2434.4
417753.9,680414.2,2449.6
418274.7,676713.5,2470.1
418795.4,673012.9,2490.6
419387.8,669347.1,2510.8
421981.0,666656.3,2525.7
424574.3,663965.4,2540.6
427167.5,661274.5,2555.5
429760.8,658583.6,2570.3
431179.9,655716.5,2586.2
429491.1,652382.8,2604.6
426966.8,650151.6,2617.0
423482.7,649120.8,2622.7
421091.1,646249.2,2638.5
418699.5,643377.6,2654.4
416308.0,640506.0,2670.3
413916.4,637634.4,2686.2
411041.3,635755.9,2696.6
407305.9,635644.7,2697.2
405429.2,638811.8,2679.7
403606.6,642074.3,2661.6
400731.2,639791.6,2674.3
397839.7,637424.1,2687.3
399156.3,634027.8,2706.1
400629.5,630593.4,2725.1
403226.7,627946.8,2739.7
406114.8,625653.8,2752.4
409625.0,624371.5,2759.5
411356.2,622150.7,2771.8
410432.7,618529.5,2791.8
409509.1,614908.4,2811.8
407799.9,611732.0,2829.4
404453.9,610794.2,2834.6
400716.8,610794.2,2834.6
398298.7,609734.1,2840.4
399102.6,606084.5,2860.6
400870.9,604044.3,2871.9
402985.1,603014.6,2877.6
403134.4,599280.5,2898.2
404288.3,595969.4,2916.6
402214.0,593833.9,2928.4
400415.5,594477.8,2924.8
400301.7,590742.4,2945.5
399569.3,587085.6,2965.7
400364.0,583541.6,2985.3
401920.8,583712.1,2984.3
403718.0,586988.7,2966.2
407172.9,588047.6,2960.4
410693.0,586919.8,2966.6
413539.0,589234.4,2953.8
416359.8,591685.8,2940.2
417810.9,594857.6,2922.7
418232.9,598570.8,2902.2
418506.9,602160.5,2882.3
414778.2,602410.3,2880.9
411886.7,603274.4,2876.2
412767.0,606906.3,2856.1
414357.4,610029.4,2838.8
417513.7,612030.1,2827.7
420925.9,613309.6,2820.7
422403.9,616169.8,2804.9
423141.9,619833.3,2784.6
423032.1,623552.4,2764.0
422779.0,627280.9,2743.4
424827.7,628663.0,2735.8
428550.6,628338.2,2737.6
429447.9,630748.6,2724.3
429002.0,634459.0,2703.7
428556.1,638169.4,2683.2
430924.5,638129.4,2683.4
434362.4,636664.2,2691.5
437584.9,635659.7,2697.1
438665.9,639237.0,2677.3
440265.4,642602.7,2658.7
441996.8,645914.5,2640.4
443173.7,646271.9,2638.4
443586.3,642557.7,2659.0
445415.3,640425.8,2670.7
449099.7,639920.9,2673.5
452756.5,639150.4,2677.8
456325.4,638067.5,2683.8
456866.4,634865.8,2701.5
456603.8,631138.0,2722.1
456341.3,627410.1,2742.7
456078.7,623682.2,2763.3
457328.9,621938.1,2773.0
460854.4,623177.7,2766.1
463427.8,625830.9,2751.4
465780.9,627755.0,2740.8
467404.8,624389.2,2759.4
469028.7,621023.4,2778.0
470652.6,617657.6,2796.6
471565.3,614210.6,2815.7
470741.6,610565.4,2835.8
469918.0,606920.2,2856.0
470383.8,603271.4,2876.2
471187.0,599621.6,2896.4
472323.8,596240.7,2915.0
475719.9,594681.1,2923.7
477547.8,597597.8,2907.5
477998.1,601243.9,2887.4
480734.8,603788.8,2873.3
483471.5,606333.6,2859.2
486208.3,608878.4,2845.2
487603.7,608736.1,2846.0
487214.8,605019.3,2866.5
486825.9,601302.5,2887.1
486437.0,597585.7,2907.6
486048.1,593868.9,2928.2
485659.3,590152.1,2948.7
485270.4,586435.3,2969.3
482822.9,583757.5,2984.1
480063.8,581236.9,2998.0
477304.8,578716.2,3011.9
476010.6,575798.9,3028.1
477120.6,572230.5,3047.8
478230.7,568662.1,3067.5
479340.7,565093.6,3087.3
480672.9,566767.5,3078.0
482080.8,570229.2,3058.9
483432.5,572873.9,3044.2
484352.8,569251.9,3064.3
485273.0,565629.9,3084.3
486193.2,562007.9,3104.3
487113.5,558385.9,3124.4
488033.7,554763.9,3144.4
488953.9,551141.8,3164.4
489874.2,547519.8,3184.4
490794.4,543897.8,3204.5
489306.7,540489.7,3223.3
487762.3,537086.7,3242.1
485376.7,538878.9,3232.2
484653.4,542388.9,3212.8
484187.8,545316.5,3196.6
481798.9,542442.6,3212.5
479410.0,539568.8,3228.4
477021.1,536695.0,3244.3
475015.8,536765.1,3243.9
473443.0,540155.2,3225.2
471870.3,543545.2,3206.4
470297.5,546935.2,3187.7
468724.8,550325.2,3168.9
467814.8,547266.2,3185.8
466964.4,543627.1,3206.0
466114.1,539988.0,3226.1
465204.0,536366.7,3246.1
463935.9,532851.3,3265.5
462667.8,529336.0,3285.0
461399.7,525820.6,3304.4
460131.5,522305.2,3323.8
461767.7,519738.8,3338.0
464866.7,517650.3,3349.6
467285.7,520347.9,3334.7
467995.2,518406.9,3345.4
468075.7,514670.7,3366.1
468156.2,510934.5,3386.7
468236.7,507198.3,3407.4
468802.2,508175.2,3402.0
469622.8,511820.4,3381.8
470190.9,515514.0,3361.4
470759.1,519207.7,3341.0
472396.2,522545.6,3322.5
473315.8,526092.8,3302.9
473646.6,529815.2,3282.3
472306.3,532991.2,3264.8
469840.2,535799.0,3249.2
466992.6,534926.7,3254.1
468784.1,532053.9,3269.9
471090.2,529113.2,3286.2
473396.3,526172.5,3302.5
475702.5,523231.8,3318.7
478008.6,520291.1,3335.0
478586.7,520969.3,3331.2
477749.5,524611.4,3311.1
477166.2,527623.2,3294.4
479087.1,524417.6,3312.2
481008.0,521211.9,3329.9
482928.9,518006.3,3347.6
484849.8,514800.7,3365.3
484759.5,511924.9,3381.2
482898.4,508749.4,3398.8
481305.6,505368.7,3417.5
479712.9,501988.0,3436.2
478120.1,498607.3,3454.9
476865.2,495273.8,3473.3
479322.3,492458.0,3488.9
481133.9,489389.5,3505.8
481241.6,485654.0,3526.5
481349.3,481918.5,3547.2
480621.5,478965.4,3563.5
476886.9,478828.0,3564.2
473152.3,478690.7,3565.0
473269.7,475070.1,3585.0
473507.5,471340.6,3605.6
473745.3,467611.1,3626.3
473385.8,464248.6,3644.9
469951.0,462776.4,3653.0
467619.6,463743.0,3647.6
466457.9,467294.9,3628.0
465296.1,470846.9,3608.4
464690.6,474388.5,3588.8
465982.6,477895.2,3569.4
467274.6,481401.9,3550.0
464530.6,482409.4,3544.4
460815.6,482815.8,3542.2
457663.5,482610.5,3543.3
457759.9,478874.6,3564.0
457856.3,475138.8,3584.6
455731.6,473935.4,3591.3
452040.3,474518.4,3588.1
448328.8,474896.6,3586.0
446627.9,473532.4,3593.5
447846.9,469999.7,3613.1
448853.8,466429.8,3632.8
448910.7,462693.1,3653.5
446215.2,461222.7,3661.6
442537.1,460561.3,3665.2
438859.0,459899.9,3668.9
437171.4,457812.1,3680.4
437727.2,454116.6,3700.9
434803.5,452626.9,3709.1
431567.7,451247.8,3716.7
430924.6,447566.4,3737.1
430281.6,443885.1,3757.4
430217.0,445285.5,3749.7
430417.8,449017.2,3729.1
430618.6,452748.9,3708.4
430819.4,456480.6,3687.8
431020.3,460212.2,3667.2
431221.1,463943.9,3646.5
431421.9,467675.6,3625.9
431622.7,471407.3,3605.3
431823.5,475139.0,3584.6
433349.6,478404.5,3566.6
435529.3,481440.1,3549.8
437709.0,484475.7,3533.0
439888.7,487511.2,3516.2
442068.4,490546.8,3499.4
443334.2,493941.6,3480.7
443804.9,497649.0,3460.2
445418.7,495921.8,3469.7
447343.0,492718.2,3487.4
449267.3,489514.7,3505.2
451191.6,486311.1,3522.9
452073.7,487235.9,3517.8
452246.8,490969.0,3497.1
453776.3,494243.1,3479.0
455905.4,497314.4,3462.0
454992.4,500287.8,3445.6
452670.3,503215.9,3429.4
451281.3,506592.4,3410.7
450445.3,510234.8,3390.6
449609.4,513877.2,3370.4
448882.8,517538.7,3350.2
448436.6,521249.1,3329.7
447990.5,524959.4,3309.2
447544.3,528669.8,3288.7
447125.1,532380.8,3268.1
447389.0,536108.6,3247.5
447652.8,539836.3,3226.9
447916.7,543564.1,3206.3
448180.6,547291.8,3185.7
448926.8,550892.7,3165.8
450531.9,554267.5,3147.1
452137.0,557642.3,3128.5
453742.1,561017.2,3109.8
454895.6,564571.0,3090.2
456037.8,568129.2,3070.5
457179.9,571687.5,3050.8
458322.1,575245.8,3031.1
458321.6,578809.8,3011.4
457215.5,582379.5,2991.7
456109.4,585949.1,2972.0
454324.7,587876.1,2961.3
451021.8,586127.8,2971.0
447718.8,584379.6,2980.6
444440.0,583440.2,2985.8
441849.2,585827.9,2972.6
440924.1,589448.7,2952.6
439394.0,592131.5,2937.8
435722.4,591553.1,2941.0
432285.4,593020.3,2932.9
428848.4,594487.5,2924.7
425571.5,595524.9,2919.0
423932.9,592166.2,2937.6
422294.3,588807.5,2956.1
420655.7,585448.8,2974.7
419017.1,582090.1,2993.3
415963.3,580262.4,3003.4
412486.3,578892.6,3011.0
409009.3,577522.8,3018.5
407170.3,574315.7,3036.3
405411.9,571018.1,3054.5
403940.0,567657.8,3073.1
404158.0,563927.1,3093.7
404376.1,560196.3,3114.3
405029.4,556863.4,3132.8
408725.5,556311.4,3135.8
412421.6,555759.4,3138.9
414986.7,557524.9,3129.1
416826.0,560778.1,3111.1
418665.3,564031.2,3093.1
420504.5,567284.3,3075.2
422990.3,570013.4,3060.1
425792.3,572486.2,3046.4
426600.7,570774.1,3055.9
426445.8,567040.2,3076.5
426290.9,563306.3,3097.1
426136.1,559572.4,3117.8
428489.4,556728.4,3133.5
430962.9,553927.0,3149.0
433436.3,551125.6,3164.5
434321.8,547771.9,3183.0
434120.8,544040.2,3203.7
433919.8,540308.5,3224.3
433718.8,536576.8,3244.9
433992.3,532880.3,3265.4
434741.5,529219.1,3285.6
435490.6,525557.9,3305.9
436239.8,521896.6,3326.1
437528.9,518395.4,3345.5
438895.5,514917.2,3364.7
440262.2,511439.0,3383.9
439732.2,508273.5,3401.4
437321.3,505418.1,3417.2
434910.4,502562.6,3433.0
432769.7,499501.3,3449.9
430411.6,496989.1,3463.8
426728.8,497614.6,3460.4
423109.3,498544.4,3455.2
419498.1,499505.8,3449.9
417709.3,496805.2,3464.8
417088.5,498160.9,3457.3
416861.2,501891.1,3436.7
416633.9,505621.2,3416.1
413732.9,506952.0,3408.7
410922.7,508929.2,3397.8
408842.6,512033.9,3380.6
406547.2,514974.9,3364.4
404111.9,517809.5,3348.7
403490.2,521215.2,3329.9
403088.3,522760.0,3321.3
401027.1,519642.8,3338.6
398965.9,516525.6,3355.8
400938.2,513881.1,3370.4
403078.8,510899.7,3386.9
403293.6,507621.9,3405.0
402182.7,504533.4,3422.1
404348.3,501487.7,3439.0
406051.9,498460.9,3455.7
403644.9,495602.2,3471.5
401537.0,492841.2,3486.8
405167.6,491955.5,3491.7
408798.2,491069.9,3496.6
412253.0,489818.7,3503.5
415210.9,487534.7,3516.1
414759.4,484163.4,3534.7
416087.6,481234.0,3550.9
418361.4,478297.7,3567.2
420410.1,475172.2,3584.5
421283.8,472019.5,3601.9
419381.9,468802.6,3619.7
417431.7,466133.8,3634.4
415089.7,469028.9,3618.4
413498.6,472410.3,3599.7
411643.9,475643.6,3581.8
409691.1,478813.0,3564.3
408525.9,482363.8,3544.7
404838.8,482866.2,3541.9
401129.4,482695.8,3542.9
397418.6,482253.0,3545.3
394709.5,480937.6,3552.6
394779.4,477201.2,3573.2
394849.3,473464.7,3593.9
395363.9,469765.9,3614.3
395922.2,466070.7,3634.8
397028.8,465169.7,3639.8
398942.1,468379.9,3622.0
401644.1,467339.1,3627.8
403788.8,464299.4,3644.6
405846.9,461180.1,3661.8
407905.0,458060.8,3679.1
405579.0,455195.2,3694.9
402951.5,452652.2,3709.0
399463.0,451348.4,3716.2
399236.9,447618.1,3736.8
399010.9,443887.9,3757.4
398784.8,440157.6,3778.1
397907.9,438938.6,3784.8
395898.3,442089.4,3767.4
393888.7,445240.1,3750.0
394624.8,448739.7,3730.6
394454.0,451788.5,3713.7
391481.3,453822.1,3702.5
391481.3,457559.2,3681.8
391481.3,461296.3,3661.2
390642.1,464731.3,3642.2
388260.6,467611.2,3626.3
385879.0,470491.2,3610.3
383497.5,473371.1,3594.4
382637.0,476812.1,3575.4
383411.5,480067.3,3557.4
386946.5,480847.2,3553.1
388193.7,481988.7,3546.8
385754.7,484820.1,3531.1
384525.5,487755.0,3514.9
384396.5,490893.5,3497.5
382863.9,493998.9,3480.4
384653.2,497279.8,3462.2
386007.2,500196.5,3446.1
382637.2,499189.3,3451.7
383830.0,502730.9,3432.1
384138.4,506280.6,3412.5
383010.3,509843.4,3392.8
383487.8,513548.1,3372.3
383973.5,517253.4,3351.8
384459.2,520958.8,3331.3
384944.9,524664.2,3310.8
385430.6,528369.6,3290.3
385916.3,532075.0,3269.8
386402.0,535780.4,3249.3
388634.9,537654.2,3239.0
389946.2,539796.0,3227.1
389243.6,543466.5,3206.8
386051.4,545108.4,3197.8
382933.0,546682.2,3189.1
384263.2,550174.6,3169.8
385593.5,553666.9,3150.4
386923.7,557159.2,3131.1
386934.4,560777.1,3111.1
386286.9,564457.7,3090.8
385639.4,568138.3,3070.4
384992.0,571818.8,3050.1
384775.5,575532.9,3029.5
383890.8,578987.8,3010.4
381805.6,582089.0,2993.3
380415.2,585150.9,2976.4
382837.1,587997.0,2960.6
385259.0,590843.2,2944.9
385833.6,594196.6,2926.4
385540.0,597910.1,2905.8
385511.5,601647.1,2885.2
385483.0,605384.0,2864.5
384858.0,609043.9,2844.3
383935.7,612665.4,2824.2
383013.3,616286.9,2804.2
382452.6,619977.4,2783.8
381975.5,623683.9,2763.3
381716.6,627402.3,2742.8
381789.0,631138.7,2722.1
381823.9,634874.3,2701.4
381596.6,638604.5,2680.8
381369.3,642334.6,2660.2
381141.9,646064.8,2639.6
380914.6,649795.0,2618.9
380687.3,653525.1,2598.3
380241.5,654804.2,2591.2
379358.3,651172.9,2611.3
378475.0,647541.7,2631.4
375769.6,648410.0,2626.6
375847.2,644673.7,2647.3
375924.8,640937.4,2667.9
376002.5,637201.1,2688.6
375540.6,633496.4,2709.1
375027.4,629794.7,2729.5
374514.2,626093.1,2750.0
374000.9,622391.4,2770.5
374123.0,618675.0,2791.0
374463.9,614953.4,2811.6
374804.8,611231.9,2832.2
375145.7,607510.4,2852.7
375486.6,603788.9,2873.3
375827.5,600067.4,2893.9
376168.4,596345.9,2914.5
376228.3,592609.5,2935.1
376283.6,588872.8,2955.8
376336.5,585136.2,2976.4
376155.6,581403.4,2997.1
375991.6,577670.1,3017.7
375899.7,573934.2,3038.4
375807.7,570198.2,3059.0
376085.3,566489.5,3079.5
376723.5,562807.3,3099.9
377361.6,559125.1,3120.3
377594.9,555523.9,3140.2
375588.3,552371.2,3157.6
373581.7,549218.5,3175.0
371608.3,546046.7,3192.6
369882.7,542731.9,3210.9
368668.4,539393.8,3229.4
370086.7,535936.3,3248.5
371504.9,532478.8,3267.6
372072.5,529074.5,3286.4
370234.5,525820.6,3304.4
368396.6,522566.8,3322.4
366558.6,519312.9,3340.4
364720.6,516059.0,3358.4
362882.6,512805.1,3376.4
361044.7,509551.3,3394.4
360199.1,505936.5,3414.4
359517.6,502262.1,3434.7
358836.1,498587.7,3455.0
357363.7,495231.5,3473.5
354357.9,493010.9,3485.8
353494.8,491496.1,3494.2
357231.9,491496.1,3494.2
360969.0,491496.1,3494.2
363873.3,492910.6,3486.4
365686.5,496178.4,3468.3
367499.7,499446.1,3450.2
369312.9,502713.9,3432.2
369632.7,499417.4,3450.4
369853.7,495686.9,3471.0
370074.7,491956.4,3491.7
370295.8,488225.8,3512.3
370516.8,484495.3,3532.9
369345.9,482202.0,3545.6
365624.3,482542.5,3543.7
362946.3,480928.0,3552.6
361158.4,477646.4,3570.8
359610.1,474261.8,3589.5
359089.3,470874.0,3608.2
361847.4,469266.3,3617.1
364504.7,470049.6,3612.8
367024.2,467289.6,3628.0
369543.7,464529.5,3643.3
372061.3,461767.7,3658.6
374677.6,460281.1,3666.8
377718.4,462453.4,3654.8
379530.3,461367.2,3660.8
380379.4,457727.8,3680.9
381228.5,454088.4,3701.0
382077.5,450449.1,3721.2
382926.6,446809.7,3741.3
383775.7,443170.4,3761.4
384497.5,439506.4,3781.7
385066.5,435812.9,3802.1
385059.0,432109.0,3822.6
384623.6,428397.4,3843.1
383518.5,428146.4,3844.5
381729.8,431427.7,3826.3
380246.4,432103.2,3822.6
379264.6,428497.4,3842.5
377457.1,425526.7,3859.0
374223.9,423652.6,3869.3
371915.4,426455.2,3853.8
369638.6,429418.7,3837.4
367361.9,432382.2,3821.0
363844.3,432510.6,3820.3
360925.8,430176.5,3833.2
357879.9,428141.7,3844.5
354538.6,428417.3,3843.0
352593.7,431608.4,3825.3
350648.9,434799.6,3807.7
351732.8,438116.7,3789.3
353406.0,441458.2,3770.9
355079.3,444799.8,3752.4
356746.4,447805.0,3735.8
358296.1,444404.3,3754.6
359845.7,441003.7,3773.4
360225.4,441532.5,3770.5
359662.5,445227.0,3750.0
359099.6,448921.4,3729.6
359986.9,451369.9,3716.1
363724.0,451369.9,3716.1
366463.1,453185.6,3706.0
369412.2,454474.0,3698.9
369881.7,450986.4,3718.2
370106.9,447256.1,3738.8
368383.0,444175.3,3755.8
368802.3,441516.4,3770.5
371411.3,438843.3,3785.3
373979.4,436128.5,3800.3
376547.5,433413.6,3815.3
379115.7,430698.7,3830.4
381683.8,427983.9,3845.4
384251.9,425269.0,3860.4
386768.8,422508.8,3875.6
389145.5,419624.9,3891.6
388842.7,417044.3,3905.9
385881.4,414764.6,3918.5
382920.2,412484.9,3931.1
385327.7,410609.0,3941.4
388596.6,408797.9,3951.4
388514.7,406083.8,3966.5
385842.8,403886.3,3978.6
382223.2,402956.5,3983.7
379597.4,400479.0,3997.4
376913.1,399198.0,4004.5
373608.7,400943.5,3994.9
370398.4,400500.3,3997.3
367256.2,398477.5,4008.5
363665.2,397614.1,4013.3
359979.8,396994.8,4016.7
356294.4,396375.5,4020.1
352609.0,395756.2,4023.6
348923.5,395136.9,4027.0
345238.1,394517.7,4030.4
342643.8,396200.4,4021.1
340492.8,399184.2,4004.6
337513.6,401440.4,3992.1
334534.5,403696.6,3979.7
331260.2,405009.7,3972.4
327526.3,404854.1,3973.3
325346.7,403240.0,3982.2
325428.6,399503.8,4002.8
325510.5,395767.6,4023.5
326735.5,394369.6,4031.2
329734.3,396599.6,4018.9
331780.7,394428.5,4030.9
334329.3,391876.7,4045.0
337544.8,389972.5,4055.5
337942.4,387222.7,4070.7
336306.4,383862.7,4089.3
334366.3,380691.6,4106.9
332080.3,377735.2,4123.2
329794.4,374778.8,4139.5
329021.1,371805.3,4156.0
331239.6,368797.9,4172.6
333458.1,365790.6,4189.2
335676.5,362783.2,4205.9
337895.0,359775.8,4222.5
340113.4,356768.4,4239.1
342353.2,354813.5,4249.9
344691.4,357728.7,4233.8
347029.7,360643.9,4217.7
349367.9,363559.1,4201.6
351706.2,366474.3,4185.5
354044.5,369389.5,4169.3
356382.7,372304.7,4153.2
356341.7,375796.7,4133.9
355606.3,379454.2,4113.7
359098.6,380784.5,4106.3
361091.7,379626.1,4112.7
361548.1,375917.0,4133.2
361299.6,372330.2,4153.1
359620.9,368991.4,4171.5
357942.2,365652.5,4190.0
356263.5,362313.7,4208.5
354584.8,358974.9,4226.9
352906.0,355636.1,4245.4
351227.3,352297.2,4263.8
349548.6,348958.4,4282.3
347731.1,345705.9,4300.3
345477.0,342725.2,4316.8
343222.8,339744.5,4333.3
340777.7,338936.2,4337.7
338038.0,341477.9,4323.7
335298.4,344019.6,4309.6
333912.2,343177.4,4314.3
333680.9,339447.5,4334.9
333449.7,335717.6,4355.5
333218.4,331987.6,4376.1
336273.5,329896.4,4387.7
339391.6,327836.5,4399.1
341291.4,324818.1,4415.8
342200.4,321284.1,4435.3
341303.4,317656.2,4455.4
340406.5,314028.4,4475.4
339509.5,310400.5,4495.5
338612.6,306772.7,4515.6
339007.3,306513.5,4517.0
340559.5,307638.5,4510.8
341666.2,304069.0,4530.5
341782.2,300493.1,4550.3
340722.1,296909.5,4570.1
339662.0,293325.9,4589.9
338601.9,289742.4,4609.7
337541.8,286158.8,4629.5
336481.7,282575.2,4649.3
334521.0,282441.1,4650.1
331844.4,285049.1,4635.7
329167.9,287657.2,4621.3
327322.0,290712.3,4604.4
326619.4,294382.8,4584.1
325916.8,298053.2,4563.8
325112.2,300717.8,4549.0
323687.1,297263.2,4568.1
322261.9,293808.5,4587.2
320071.0,295231.8,4579.4
317655.7,298083.5,4563.6
315266.7,300847.0,4548.3
314804.1,297138.6,4568.8
314341.5,293430.3,4589.3
313878.8,289721.9,4609.8
313416.2,286013.6,4630.3
312953.6,282305.2,4650.8
312491.0,278596.9,4671.3
312028.3,274888.6,4691.8
311565.7,271180.2,4712.4
311103.1,267471.9,4732.9
310590.0,263770.2,4753.3
310073.8,260068.9,4773.8
309862.0,256379.6,4794.2
310665.9,252730.0,4814.4
311469.7,249080.3,4834.5
312273.6,245430.7,4854.7
312972.0,241762.5,4875.0
313465.8,238058.2,4895.5
313942.1,234357.7,4916.0
311956.1,231192.0,4933.5
309970.1,228026.3,4951.0
307984.1,224860.7,4968.5
309797.5,222987.9,4978.8
313302.2,221690.8,4986.0
316806.9,220393.6,4993.2
319872.9,219714.0,4996.9
319801.8,223450.4,4976.3
319730.6,227186.8,4955.6
320928.6,230670.7,4936.3
322425.0,234095.1,4917.4
323921.4,237519.5,4898.5
325417.8,240943.9,4879.5
326914.1,244368.3,4860.6
328410.5,247792.8,4841.7
329581.8,251307.3,4822.2
330061.8,255013.4,4801.7
330541.7,258719.6,4781.3
332337.1,260823.0,4769.6
336065.7,260571.1,4771.0
339794.3,260319.1,4772.4
341113.3,263685.6,4753.8
342318.5,267223.0,4734.2
343523.7,270760.4,4714.7
345022.7,268658.8,4726.3
346589.0,265265.8,4745.1
348155.3,261872.8,4763.8
349294.5,258322.5,4783.4
350303.4,254724.1,4803.3
351312.2,251125.8,4823.2
352321.1,247527.5,4843.1
351867.5,244011.2,4862.6
350462.5,240548.3,4881.7
349057.4,237085.4,4900.9
347652.4,233622.5,4920.0
345123.8,231455.1,4932.0
341496.9,230554.1,4937.0
337870.1,229653.1,4942.0
334243.2,228752.0,4946.9
330616.4,227851.0,4951.9
327534.7,226413.3,4959.9
326690.6,222772.8,4980.0
325846.6,219132.3,5000.1
326133.5,216019.6,5017.3
329465.8,214328.1,5026.7
332798.2,212636.6,5036.0
336130.6,210945.1,5045.4
335303.1,207341.4,5065.3
334417.1,203710.9,5085.4
335229.9,203067.7,5089.0
337897.0,205685.3,5074.5
340564.2,208303.0,5060.0
343207.8,209973.9,5050.8
345741.6,207227.0,5066.0
348059.0,204384.6,5081.7
348378.3,200661.1,5102.3
348697.7,196937.7,5122.9
349017.0,193214.3,5143.4
349336.4,189490.9,5164.0
349655.7,185767.5,5184.6
350550.5,182776.0,5201.2
354244.1,183344.6,5198.0
357937.7,183913.2,5194.9
361066.5,185057.3,5188.5
361704.7,188739.5,5168.2
362912.3,188873.8,5167.4
364670.8,185576.2,5185.7
366595.6,188231.9,5171.0
368725.3,190464.9,5158.6
371734.1,188248.3,5170.9
373314.9,189821.4,5162.2
374112.8,193472.3,5142.0
375008.4,197078.3,5122.1
377258.1,200062.4,5105.6
379346.8,203156.6,5088.5
381277.6,206355.8,5070.8
383144.1,209593.4,5052.9
385010.6,212831.0,5035.0
386877.0,216068.6,5017.1
390255.4,216179.9,5016.5
391502.4,219638.4,4997.3
391956.5,223002.3,4978.7
389296.7,225627.5,4964.2
386621.4,226016.3,4962.1
383925.5,223428.3,4976.4
381229.5,220840.3,4990.7
379084.3,223187.1,4977.7
376077.9,222146.9,4983.5
375318.8,219148.5,5000.0
376064.4,215486.5,5020.3
375578.1,212424.3,5037.2
372180.1,212513.3,5036.7
368829.3,214088.9,5028.0
366520.2,217027.2,5011.8
364464.4,220027.0,4995.2
365168.9,223697.1,4974.9
365873.5,227367.2,4954.6
366687.5,231014.5,4934.4
367503.6,234661.4,4914.3
368319.7,238308.3,4894.1
369135.8,241955.2,4873.9
369499.3,245587.1,4853.9
368443.6,249172.0,4834.0
367387.9,252756.8,4814.2
367942.4,254546.7,4804.3
371437.4,253791.6,4808.5
375094.1,254055.9,4807.0
378304.4,252971.0,4813.0
379505.3,249432.1,4832.6
380528.1,245849.8,4852.4
381091.0,242155.4,4872.8
382259.0,238858.8,4891.1
385526.5,237107.7,4900.7
389145.3,236174.6,4905.9
392646.1,234931.7,4912.8
395970.2,233223.9,4922.2
399521.1,232808.9,4924.5
400797.9,235287.2,4910.8
400557.9,239016.6,4890.2
399658.2,242319.8,4871.9
396357.2,244071.8,4862.2
394294.4,247126.0,4845.4
391316.6,248900.9,4835.5
389148.6,251590.8,4820.7
389384.5,255320.4,4800.0
389620.5,259050.0,4779.4
392262.9,258455.9,4782.7
394561.1,258797.1,4780.8
395287.2,262463.0,4760.6
398009.5,260632.4,4770.7
400918.9,258286.9,4783.6
403828.3,255941.4,4796.6
407471.5,255750.9,4797.7
411161.1,255776.0,4797.5
411841.4,252101.4,4817.8
412521.8,248426.7,4838.2
413202.2,244752.1,4858.5
413420.2,241021.6,4879.1
413634.1,237290.7,4899.7
413848.1,233559.7,4920.4
414270.8,229884.0,4940.7
415930.9,226535.9,4959.2
417591.0,223187.8,4977.7
416882.5,220366.0,4993.3
413960.8,218035.8,5006.2
411039.1,215705.7,5019.1
408117.4,213375.6,5032.0
405195.7,211045.4,5044.8
402088.8,208984.9,5056.2
398866.2,207092.6,5066.7
395941.1,205039.3,5078.1
396119.6,201306.5,5098.7
396298.1,197573.7,5119.3
396476.6,193840.8,5140.0
396655.2,190108.0,5160.6
396833.7,186375.2,5181.3
397012.2,182642.4,5201.9
397190.7,178909.5,5222.5
397369.3,175176.7,5243.2
397547.8,171443.9,5263.8
400419.2,172500.3,5258.0
403701.4,174287.2,5248.1
406983.6,176074.2,5238.2
410265.8,177861.1,5228.3
413548.0,179648.0,5218.4
416830.1,181434.9,5208.6
419930.4,183506.7,5197.1
423244.6,184343.0,5192.5
426910.1,183615.2,5196.5
428348.2,181202.8,5209.9
428050.2,177477.6,5230.4
427951.9,173813.1,5250.7
430271.7,170883.2,5266.9
433001.6,168531.8,5279.9
436534.4,167313.4,5286.6
438914.1,167636.4,5284.9
438742.5,171369.5,5264.2
438570.9,175102.7,5243.6
438399.3,178835.8,5222.9
438227.7,182569.0,5202.3
438056.0,186302.1,5181.7
437884.4,190035.3,5161.0
437398.3,193614.9,5141.2
434561.0,196047.2,5127.8
431723.8,198479.4,5114.3
428886.6,200911.7,5100.9
425998.0,203209.9,5088.2
422261.8,203293.3,5087.7
419773.9,203968.4,5084.0
422074.7,206913.2,5067.7
424375.5,209858.1,5051.4
427672.5,211582.6,5041.9
430840.7,210450.1,5048.1
433949.0,208375.4,5059.6
437057.3,206300.7,5071.1
437545.1,207749.1,5063.1
436452.2,211322.8,5043.3
435359.2,214896.5,5023.6
435391.5,218555.0,5003.3
435936.3,222252.2,4982.9
436481.1,225949.4,4962.4
438330.0,228833.9,4946.5
441408.8,230952.0,4934.8
444487.7,233070.2,4923.1
447566.5,235188.3,4911.4
450645.4,237306.5,4899.6
452928.1,240264.8,4883.3
454801.7,243299.4,4866.5
453709.8,246873.4,4846.7
452617.9,250447.4,4827.0
451526.0,254021.4,4807.2
450434.1,257595.4,4787.5
454040.2,257398.5,4788.6
457765.8,257105.7,4790.2
461491.4,256812.8,4791.8
464127.1,255534.6,4798.9
462971.3,252997.8,4812.9
462842.8,249991.5,4829.5
463447.9,246303.7,4849.9
463992.1,242610.6,4870.3
464044.5,238873.8,4891.0
464096.9,235137.1,4911.6
464149.4,231400.4,4932.3
467776.1,231104.6,4933.9
469264.6,229803.0,4941.1
467148.7,226722.7,4958.2
465032.8,223642.3,4975.2
462483.7,222753.2,4980.1
459354.9,224796.8,4968.8
456224.9,226488.4,4959.5
453081.4,224467.4,4970.6
450032.7,222322.6,4982.5
448360.3,219332.3,4999.0
448387.6,215595.3,5019.7
448414.9,211858.3,5040.4
449528.2,208643.7,5058.1
452452.8,206317.8,5071.0
454241.9,203265.9,5087.9
455643.7,200123.0,5105.2
459278.7,199255.4,5110.0
462465.8,201054.5,5100.1
465519.5,203202.9,5088.2
468490.8,205469.4,5075.7
471613.5,204915.7,5078.7
471306.4,208640.2,5058.1
470999.3,212364.6,5037.6
470692.1,216089.0,5017.0
470385.0,219813.5,4996.4
470077.9,223537.9,4975.8
469770.7,227262.4,4955.2
469463.6,230986.8,4934.6
469299.6,234656.8,4914.3
472004.9,237235.0,4900.0
474710.2,239813.2,4885.8
477415.6,242391.4,4871.5
479327.2,245353.8,4855.2
479671.4,249075.0,4834.6
480015.7,252796.2,4814.0
480359.9,256517.4,4793.4
480469.7,260233.1,4772.9
479951.2,263934.1,4752.4
479432.7,267635.0,4732.0
478914.2,271336.0,4711.5
478395.8,275036.9,4691.0
476795.8,277084.9,4679.7
473197.0,276077.6,4685.3
469630.7,274962.0,4691.4
467624.9,277678.6,4676.4
465849.4,280966.9,4658.2
464073.9,284255.3,4640.1
462527.2,287595.3,4621.6
462718.5,291327.5,4601.0
462909.9,295059.7,4580.3
465869.4,297263.2,4568.1
468944.2,299340.7,4556.7
472636.9,298947.8,4558.8
475805.8,300928.6,4547.9
478974.7,302909.5,4536.9
481827.5,305289.5,4523.8
484481.3,307920.7,4509.2
487135.0,310551.9,4494.7
487231.5,314193.3,4474.5
487092.3,317927.8,4453.9
486953.0,321662.3,4433.2
486813.7,325396.8,4412.6
486674.5,329131.3,4391.9
486531.1,332865.2,4371.3
485693.6,336507.3,4351.2
484856.2,340149.3,4331.0
484018.7,343791.4,4310.9
483181.3,347433.4,4290.7
482378.7,348248.1,4286.2
481631.5,344586.5,4306.5
480884.2,340924.9,4326.7
480136.9,337263.2,4347.0
477051.6,335207.9,4358.3
475435.1,332032.3,4375.9
474343.2,328458.3,4395.7
473251.3,324884.3,4415.4
472159.4,321310.3,4435.2
471283.9,322077.5,4430.9
470552.9,325742.3,4410.7
469821.9,329407.2,4390.4
469090.9,333072.1,4370.1
468359.9,336737.0,4349.9
467599.6,339799.4,4332.9
466516.4,336222.8,4352.7
465433.3,332646.1,4372.5
464350.1,329069.4,4392.3
461890.5,326715.2,4405.3
458810.5,324913.3,4415.3
457743.9,321331.6,4435.1
456677.4,317750.0,4454.9
455610.8,314168.3,4474.7
454544.2,310586.7,4494.5
453477.6,307005.0,4514.3
452411.0,303423.4,4534.1
449982.3,301668.5,4543.8
446245.2,301668.5,4543.8
442508.1,301668.5,4543.8
439276.6,302448.8,4539.5
437749.7,305859.7,4520.6
436222.7,309270.6,4501.7
434695.7,312681.5,4482.9
432197.8,313128.4,4480.4
430051.7,310216.3,4496.5
428317.9,306905.7,4514.8
426349.5,304003.8,4530.9
422616.4,304176.6,4529.9
420901.2,303329.2,4534.6
423253.4,300425.3,4550.7
425605.6,297521.4,4566.7
427957.8,294617.4,4582.8
429603.1,291796.4,4598.4
426643.0,289515.2,4611.0
423629.0,287329.3,4623.1
420148.2,285969.4,4630.6
418987.5,289390.4,4611.7
417902.0,292966.4,4591.9
416816.5,296542.4,4572.1
415731.1,300118.4,4552.4
414645.6,303694.3,4532.6
413560.1,307270.3,4512.8
412474.6,310846.3,4493.0
411389.2,314422.3,4473.3
408948.3,316688.0,4460.7
406038.5,318527.5,4450.6
404797.8,322052.7,4431.1
403968.9,325215.1,4413.6
407622.3,324428.9,4417.9
408666.7,326854.3,4404.5
408645.5,330591.3,4383.9
408624.3,334328.4,4363.2
408603.1,338065.4,4342.5
407187.5,341461.6,4323.8
405396.1,340700.9,4328.0
403552.1,337450.4,4345.9
401532.7,336617.1,4350.5
399645.0,339663.1,4333.7
400377.8,343327.6,4313.4
401147.0,346983.2,4293.2
402202.7,350568.1,4273.4
403258.4,354152.9,4253.6
404890.4,356673.9,4239.6
408469.9,355599.9,4245.6
412049.3,354525.9,4251.5
415628.8,353451.9,4257.5
415589.1,356008.2,4243.3
414526.1,359590.9,4223.5
413463.1,363173.6,4203.7
412400.1,366756.3,4183.9
411337.1,370339.1,4164.1
410205.2,373598.2,4146.1
407774.3,370759.8,4161.8
406353.1,369523.5,4168.6
407865.3,372940.9,4149.7
409377.5,376358.4,4130.8
410889.7,379775.9,4111.9
412381.0,383196.7,4093.0
412009.2,386915.2,4072.4
411637.4,390633.8,4051.9
412442.6,392216.1,4043.1
415343.3,389995.9,4055.4
414999.0,393717.1,4034.8
414654.8,397438.3,4014.3
414310.6,401159.5,3993.7
413966.4,404880.7,3973.1
412356.4,408239.4,3954.5
410678.5,411578.7,3936.1
410821.1,414923.2,3917.6
412973.6,417678.9,3902.3
416419.8,418982.2,3895.1
419283.3,421383.5,3881.9
422146.7,423784.9,3868.6
425010.1,426186.3,3855.3
427873.6,428587.6,3842.0
430361.4,427877.5,3846.0
431867.4,424615.2,3864.0
432040.5,420882.1,3884.6
432213.6,417149.0,3905.3
432386.7,413416.0,3925.9
432559.8,409682.9,3946.6
432825.7,405956.1,3967.2
433155.8,402233.6,3987.7
433485.8,398511.1,4008.3
433815.8,394788.6,4028.9
434145.9,391066.1,4049.5
434475.9,387343.6,4070.1
434806.0,383621.1,4090.7
435136.0,379898.7,4111.2
435466.1,376176.2,4131.8
435796.1,372453.7,4152.4
436126.2,368731.2,4173.0
436456.2,365008.7,4193.6
436786.2,361286.2,4214.1
437116.3,357563.7,4234.7
437446.3,353841.2,4255.3
437776.4,350118.8,4275.9
438106.4,346396.3,4296.5
437931.3,345500.7,4301.4
436951.6,349107.1,4281.5
436168.7,352721.2,4261.5
436862.2,356393.4,4241.2
437861.0,359706.5,4222.9
441596.9,359799.9,4222.4
443120.4,361437.4,4213.3
441938.0,364977.2,4193.7
442790.8,368615.7,4173.6
443643.7,372254.1,4153.5
444496.6,375892.6,4133.4
445008.1,379503.0,4113.4
443572.1,382953.2,4094.3
441939.1,386298.5,4075.8
440069.4,389461.9,4058.4
440482.0,393176.1,4037.8
440894.6,396890.4,4017.3
441577.2,400383.1,3998.0
445139.3,401513.6,3991.7
448168.9,400445.4,3997.6
450819.2,397810.7,4012.2
453454.1,395168.8,4026.8
453763.0,391444.5,4047.4
454074.6,388776.4,4062.1
454401.8,392499.1,4041.6
454729.0,396221.8,4021.0
455056.3,399944.6,4000.4
455504.2,403651.3,3979.9
456158.2,407330.7,3959.6
455224.8,410818.6,3940.3
453553.4,413296.0,3926.6
451110.1,411694.0,3935.4
449171.4,414888.8,3917.8
451522.2,416592.7,3908.3
455024.5,417896.2,3901.1
458526.9,419199.8,3893.9
460415.9,422083.5,3878.0
461646.2,425612.2,3858.5
462876.6,429141.0,3839.0
464107.0,432669.7,3819.5
465337.3,436198.5,3799.9
466578.9,439559.0,3781.4
468265.9,436224.4,3799.8
469739.7,432816.6,3818.6
470455.3,429148.6,3838.9
471170.9,425480.7,3859.2
471886.5,421812.8,3879.5
472602.0,418144.8,3899.8
473317.6,414476.9,3920.0
474033.2,410808.9,3940.3
474903.7,407182.2,3960.4
476104.6,403643.3,3979.9
477305.5,400104.4,3999.5
475674.9,396847.5,4017.5
473799.8,393614.8,4035.4
472775.6,390454.6,4052.9
475170.3,387585.6,4068.7
475496.6,383889.1,4089.2
475741.4,380160.1,4109.8
476523.8,376627.9,4129.3
478745.4,373622.9,4145.9
480967.0,370617.8,4162.5
483188.6,367612.8,4179.2
485410.2,364607.7,4195.8
487631.8,361602.7,4212.4
489853.4,358597.6,4229.0
492075.0,355592.6,4245.6
494296.6,352587.5,4262.2
496613.3,349664.0,4278.4
499157.4,346930.0,4293.5
501583.0,344087.1,4309.2
503414.1,344544.0,4306.7
504198.5,348181.2,4286.6
504753.6,351876.8,4266.2
505308.8,355572.4,4245.7
504545.1,359135.6,4226.0
503266.3,362647.1,4206.6
506105.0,361184.0,4214.7
509315.6,359271.5,4225.3
509391.1,361422.3,4213.4
508355.6,365013.0,4193.5
507320.0,368603.8,4173.7
506284.5,372194.5,4153.8
507705.8,373434.6,4147.0
511338.8,372558.7,4151.8
511486.2,376020.9,4132.7
511413.3,379757.2,4112.0
511340.4,383493.6,4091.4
511792.7,387172.8,4071.0
512668.5,390805.8,4050.9
513544.2,394438.8,4030.8
514420.0,398071.8,4010.8
515295.8,401704.9,3990.7
516171.6,405337.9,3970.6
518040.8,407872.1,3956.6
521743.5,408378.4,3953.8
524950.1,408022.5,3955.7
526627.7,404727.2,3974.0
529131.4,401952.8,3989.3
531496.6,399603.8,4002.3
531887.4,403320.4,3981.7
532278.2,407037.0,3961.2
532998.2,410544.6,3941.8
535967.4,412753.3,3929.6
539474.7,413451.8,3925.7
541429.0,411476.2,3936.6
542012.2,407784.9,3957.0
542595.4,404093.6,3977.5
543481.1,400532.8,3997.1
545266.9,397511.8,4013.8
543807.5,394071.5,4032.9
542951.9,390712.6,4051.4
545271.8,387782.8,4067.6
546388.0,384529.0,4085.6
545851.8,380830.6,4106.1
545315.7,377132.2,4126.5
544779.6,373433.7,4147.0
543875.3,370036.5,4165.8
541094.3,371410.7,4158.2
538599.7,373321.6,4147.6
535525.0,371197.4,4159.3
532387.0,369169.5,4170.6
528982.8,368172.3,4176.1
530171.0,364850.9,4194.4
529940.2,363374.2,4202.6
526829.0,365444.5,4191.2
523717.7,367514.7,4179.7
523056.1,364395.1,4197.0
523985.4,360775.4,4217.0
525303.8,357280.8,4236.3
526658.1,353797.7,4255.6
524112.3,353873.2,4255.1
520520.0,354903.4,4249.4
520319.1,358188.6,4231.3
519935.5,356598.3,4240.1
519228.8,352928.6,4260.4
518522.2,349258.9,4280.6
520816.4,348703.7,4283.7
524457.3,349546.1,4279.1
528098.2,350388.4,4274.4
531151.5,350292.2,4274.9
532017.4,346664.7,4295.0
534290.9,343698.7,4311.4
537018.9,342220.6,4319.6
540561.5,343410.5,4313.0
544104.1,344600.3,4306.4
546432.2,346346.4,4296.7
545019.1,349806.1,4277.6
544075.6,353242.2,4258.6
545826.3,356543.9,4240.4
547577.0,359845.5,4222.1
549327.7,363147.2,4203.9
551078.4,366448.9,4185.6
552829.1,369750.5,4167.3
554579.8,373052.2,4149.1
556330.4,376353.8,4130.8
558081.1,379655.5,4112.6
559395.4,376988.5,4127.3
560647.2,373467.3,4146.8
561899.0,369946.1,4166.3
563150.8,366424.9,4185.7
564402.6,362903.7,4205.2
565654.4,359382.5,4224.7
566472.4,355865.3,4244.1
565155.8,352367.8,4263.5
563839.3,348870.3,4282.8
566587.9,350489.4,4273.8
569697.2,352562.6,4262.4
573142.4,353466.0,4257.4
576591.9,352993.7,4260.0
577585.6,349391.1,4279.9
578906.2,351889.9,4266.1
579721.3,350607.9,4273.2
580253.1,346908.9,4293.6
580784.8,343209.8,4314.1
581316.5,339510.7,4334.5
581848.3,335811.7,4355.0
581245.5,332150.9,4375.2
579492.3,330594.5,4383.8
576198.3,332359.5,4374.1
573244.4,334347.2,4363.1
572943.5,338072.1,4342.5
570309.0,337904.6,4343.4
566881.7,336414.7,4351.7
563454.5,334924.8,4359.9
560027.2,333434.9,4368.1
556600.0,331945.0,4376.4
555394.3,329533.1,4389.7
556759.4,326054.3,4408.9
558124.5,322575.4,4428.2
559489.6,319096.6,4447.4
560854.7,315617.7,4466.7
562219.7,312138.9,4485.9
563584.8,308660.0,4505.1
564949.9,305181.2,4524.4
566315.0,301702.4,4543.6
567449.6,298268.1,4562.6
564885.1,295549.9,4577.6
562746.6,292518.0,4594.4
561125.2,289154.1,4613.0
558809.3,286252.5,4629.0
557937.6,289849.5,4609.1
556926.7,293443.4,4589.3
554740.3,295964.9,4575.3
552734.8,298264.7,4562.6
552618.4,301999.9,4541.9
552080.6,305698.0,4521.5
549559.6,306701.2,4516.0
545868.8,306114.6,4519.2
542178.0,305528.1,4522.4
538573.1,306510.4,4517.0
534968.4,307496.2,4511.6
534408.7,304678.5,4527.1
534581.8,300945.4,4547.8
534754.9,297212.3,4568.4
534923.2,293480.3,4589.1
533258.1,290134.6,4607.6
531572.6,286799.3,4626.0
529373.3,283829.2,4642.4
526768.0,281150.0,4657.2
524162.7,278470.8,4672.0
520960.1,278103.5,4674.1
517383.0,279185.5,4668.1
515840.8,278010.3,4674.6
516547.4,274340.7,4694.9
515623.7,270734.5,4714.8
514633.7,267130.9,4734.7
513673.9,264503.3,4749.3
512908.1,268161.1,4729.0
512142.2,271818.9,4708.8
511376.3,275476.6,4688.6
510610.5,279134.4,4668.4
509844.6,282792.2,4648.1
509078.8,286449.9,4627.9
509048.4,289962.8,4608.5
511144.2,293056.9,4591.4
512076.3,296385.7,4573.0
511679.4,300078.7,4552.6
511784.9,303814.3,4531.9
511890.5,307549.9,4511.3
511996.0,311285.5,4490.6
512101.5,315021.1,4470.0
512207.1,318756.7,4449.3
512874.5,322066.9,4431.0
516441.4,323181.7,4424.8
520008.3,324296.5,4418.7
523575.3,325411.3,4412.5
525478.6,322268.2,4429.9
527070.0,318933.3,4448.3
527654.3,315242.1,4468.7
528238.7,311551.0,4489.1
529821.7,308322.6,4507.0
532260.0,305490.6,4522.6
534698.3,302658.6,4538.3
537136.7,299826.6,4554.0
539575.0,296994.6,4569.6
541814.9,294025.2,4586.0
543607.1,290745.9,4604.2
545399.4,287466.6,4622.3
547191.6,284187.3,4640.4
548983.8,280908.0,4658.6
550776.0,277628.7,4676.7
552568.2,274349.4,4694.8
554360.4,271070.1,4713.0
556152.6,267790.8,4731.1
557944.9,264511.5,4749.2
559708.4,266806.6,4736.5
561212.9,270217.7,4717.7
562498.6,273726.7,4698.3
563784.2,277235.7,4678.9
565069.9,280744.6,4659.5
566355.5,284253.6,4640.1
567641.2,287762.6,4620.7
569075.5,291137.6,4602.0
572432.5,292779.8,4592.9
575789.4,294422.0,4583.8
579146.3,296064.2,4574.8
582503.3,297706.4,4565.7
585860.2,299348.6,4556.6
589217.1,300990.8,4547.5
591026.4,304150.8,4530.1
592603.0,307539.0,4511.3
594179.5,310927.3,4492.6
595756.1,314315.6,4473.9
597645.5,316443.2,4462.1
600623.6,314185.6,4474.6
601935.6,317294.3,4457.4
603895.2,319497.5,4445.2
603827.5,322701.3,4427.5
600503.2,321891.4,4432.0
600597.6,325466.3,4412.2
602975.9,328348.9,4396.3
605354.2,331231.6,4380.3
605691.4,333152.1,4369.7
601957.1,333112.2,4369.9
598434.8,333133.7,4369.8
595851.3,335787.8,4355.1
599158.0,337528.9,4345.5
602464.7,339270.1,4335.9
605771.4,341011.2,4326.2
609078.1,342752.4,4316.6
612384.8,344493.5,4307.0
613148.5,348086.8,4287.1
613791.2,351768.2,4266.8
614433.9,355449.6,4246.4
615076.6,359131.0,4226.1
615719.3,362812.4,4205.7
616362.0,366493.8,4185.4
617004.7,370175.2,4165.0
614104.1,368808.4,4172.6
611615.3,369155.5,4170.6
611292.6,372657.7,4151.3
612416.8,376221.7,4131.6
613541.1,379785.7,4111.9
615533.1,382491.8,4096.9
617805.9,384744.6,4084.4
618388.1,388436.1,4064.0
618970.3,392127.6,4043.6
619958.3,392523.1,4041.4
621418.3,389083.1,4060.5
622504.0,387536.8,4069.0
622545.0,391273.7,4048.3
622586.1,395010.5,4027.7
622627.2,398747.4,4007.0
623545.7,401147.1,3993.7
626642.1,400144.8,3999.3
626087.8,403840.5,3978.9
626851.2,407418.5,3959.1
628052.1,410957.4,3939.5
630127.9,409071.9,3949.9
632380.5,406090.1,3966.4
633861.2,402662.6,3985.4
633878.9,399067.2,4005.2
633182.7,395395.5,4025.6
635928.3,394684.8,4029.5
639125.2,393191.9,4037.7
641054.5,389991.4,4055.4
643435.9,392340.3,4042.4
642754.4,396014.7,4022.1
642181.5,399697.0,4001.8
642326.3,403431.3,3981.1
642471.1,407165.5,3960.5
639994.6,409708.2,3946.4
637085.7,412054.4,3933.4
634720.9,413026.3,3928.1
634038.6,411272.6,3937.8
632899.8,414831.9,3918.1
631760.9,418391.3,3898.4
630297.3,421761.5,3879.8
627764.7,424509.6,3864.6
625232.2,427257.7,3849.4
622699.7,430005.9,3834.2
620167.1,432754.0,3819.0
617634.6,435502.1,3803.8
616593.8,435378.3,3804.5
617385.6,431726.1,3824.7
618177.5,428073.8,3844.9
618969.4,424421.6,3865.1
619197.7,420719.8,3885.5
619055.4,416985.4,3906.2
617224.2,413802.5,3923.8
615135.3,410703.8,3940.9
613373.5,407472.7,3958.8
612719.5,403793.3,3979.1
611429.7,400310.7,3998.4
609890.1,396905.5,4017.2
608350.6,393500.2,4036.0
606811.0,390095.0,4054.9
604444.4,387371.2,4069.9
601733.0,384839.5,4083.9
600888.1,385736.0,4079.0
601246.6,389455.8,4058.4
601605.1,393175.7,4037.8
601963.6,396895.5,4017.3
602322.1,400615.4,3996.7
602680.5,404335.3,3976.1
603039.0,408055.1,3955.6
603397.5,411775.0,3935.0
603756.0,415494.8,3914.4
604114.5,419214.7,3893.9
604567.4,422920.3,3873.4
605321.5,426580.5,3853.1
606075.6,430240.7,3832.9
606829.8,433900.9,3812.6
607583.9,437561.1,3792.4
608338.0,441221.3,3772.2
608222.8,444907.1,3751.8
607684.9,448605.3,3731.3
607147.1,452303.5,3710.9
607801.1,455736.3,3691.9
610515.9,455653.4,3692.4
611881.3,457309.5,3683.2
612272.4,461026.1,3662.7
612663.6,464742.7,3642.1
611909.4,468198.7,3623.0
609949.3,471380.6,3605.4
607989.3,474562.4,3587.8
607350.2,473081.4,3596.0
605897.5,470240.3,3611.7
602678.5,468459.6,3621.6
601531.8,464902.8,3641.2
600385.2,461345.9,3660.9
599238.5,457789.1,3680.6
598091.9,454232.3,3700.2
596945.3,450675.5,3719.9
595798.6,447118.6,3739.6
594652.0,443561.8,3759.2
593505.3,440005.0,3778.9
592358.7,436448.1,3798.6
592984.2,433216.4,3816.4
595062.8,430138.5,3833.5
596076.0,426801.4,3851.9
593087.2,425147.5,3861.0
590202.8,426126.4,3855.6
588626.5,429514.8,3836.9
587050.3,432903.3,3818.2
585474.1,436291.7,3799.4
583970.5,438958.8,3784.7
583101.6,435324.1,3804.8
580690.0,432551.3,3820.1
578320.0,429861.0,3835.0
579964.4,426505.2,3853.5
581728.0,423215.4,3871.7
583702.1,420042.2,3889.3
584678.4,416748.0,3907.5
583520.5,413194.9,3927.1
583292.5,409503.4,3947.5
581961.3,406189.6,3965.9
578649.3,406218.0,3965.7
575014.9,407088.0,3960.9
574228.9,409802.2,3945.9
574922.4,413474.4,3925.6
573880.7,416810.5,3907.1
572358.0,420200.6,3888.4
570520.4,422071.9,3878.1
567271.5,420231.6,3888.2
565000.7,418021.7,3900.4
565775.2,414365.8,3920.7
566549.7,410709.8,3940.9
566568.1,407485.8,3958.7
563025.5,406295.9,3965.3
559382.5,406144.9,3966.1
555707.2,406706.9,3963.0
552750.4,408986.0,3950.4
550219.6,411735.3,3935.2
551078.1,414536.6,3919.7
553539.1,417348.9,3904.2
555310.3,416747.6,3907.5
556486.2,413200.4,3927.1
558935.6,415474.1,3914.5
559839.6,418772.1,3896.3
559508.7,422494.5,3875.7
559177.9,426216.9,3855.1
561110.5,429237.0,3838.4
563490.5,432118.2,3822.5
565764.3,434342.6,3810.2
567115.6,430858.3,3829.5
567600.0,432006.5,3823.1
568639.7,431772.2,3824.4
570470.8,428514.5,3842.4
570702.9,430955.1,3828.9
570571.9,434689.9,3808.3
570440.9,438424.7,3787.6
571735.5,437504.5,3792.7
574647.9,435676.3,3802.8
576647.5,436241.6,3799.7
575367.1,439716.9,3780.5
576193.7,443005.8,3762.3
578719.5,445760.1,3747.1
581245.3,448514.4,3731.8
583771.1,451268.6,3716.6
586296.9,454022.9,3701.4
588822.7,456777.2,3686.2
591348.5,459531.5,3670.9
593878.3,462282.1,3655.7
595718.6,465253.7,3639.3
595623.0,468989.5,3618.6
595527.4,472725.4,3598.0
595431.7,476461.3,3577.3
595336.1,480197.1,3556.7
595221.6,483932.1,3536.0
594973.0,487661.0,3515.4
594724.5,491389.8,3494.8
594475.9,495118.6,3474.2
594227.4,498847.4,3453.6
591447.9,498144.3,3457.4
588110.1,496463.6,3466.7
585170.5,494474.5,3477.7
584379.2,490822.1,3497.9
583588.0,487169.8,3518.1
582796.8,483517.4,3538.3
582000.3,479866.2,3558.5
580820.0,476529.7,3576.9
577864.7,474410.3,3588.7
575276.8,471714.2,3603.6
572676.6,469031.7,3618.4
569754.9,466701.6,3631.3
566833.2,464371.4,3644.2
563911.5,462041.3,3657.1
560989.8,459711.2,3669.9
557958.8,457659.5,3681.3
554262.1,457309.9,3683.2
551481.9,454812.6,3697.0
548701.7,452315.3,3710.8
545921.5,449818.1,3724.6
544238.3,446716.5,3741.8
543613.1,443032.1,3762.2
542988.0,439347.7,3782.5
542362.8,435663.2,3802.9
541529.1,432021.7,3823.0
540650.5,428389.3,3843.1
539771.8,424757.0,3863.2
538893.2,421124.7,3883.3
538120.7,422612.3,3875.1
537393.4,426277.9,3854.8
534321.6,425215.5,3860.7
530963.6,423575.6,3869.7
529730.2,424805.6,3862.9
530318.4,428496.2,3842.5
530906.5,432186.7,3822.1
531494.6,435877.2,3801.7
531507.3,439609.3,3781.1
531456.2,443346.1,3760.4
531405.1,447082.8,3739.8
529791.0,450253.3,3722.2
527437.1,453155.9,3706.2
525372.1,456163.9,3689.6
525302.2,459900.4,3668.9
525232.3,463636.8,3648.2
528102.0,464488.1,3643.5
531200.9,463293.0,3650.1
533279.2,460187.2,3667.3
535357.6,457081.4,3684.5
538386.8,458264.2,3677.9
540625.0,460389.9,3666.2
538405.2,463396.3,3649.6
539559.0,466635.5,3631.7
541344.9,469918.2,3613.5
543130.8,473200.9,3595.4
544916.7,476483.7,3577.2
545692.6,479345.0,3561.4
542103.2,480385.3,3555.6
538513.8,481425.5,3549.9
535709.7,479871.5,3558.5
533299.7,477015.3,3574.3
530889.7,474159.1,3590.1
528479.8,471302.9,3605.8
526058.3,470705.5,3609.2
523619.2,473536.9,3593.5
521847.2,476825.1,3575.3
520392.4,478385.6,3566.7
519857.1,474687.0,3587.1
519321.7,470988.5,3607.6
517738.3,468500.7,3621.3
514001.2,468500.7,3621.3
510427.1,468769.5,3619.9
508699.3,472083.2,3601.5
506971.5,475396.8,3583.2
508770.6,478643.9,3565.3
510622.3,481889.9,3547.3
512474.1,485136.0,3529.4
514325.8,488382.1,3511.4
511462.0,490091.9,3502.0
508053.6,491624.5,3493.5
504645.1,493157.0,3485.0
501236.7,494689.5,3476.5
501261.7,497795.2,3459.4
502326.5,501377.4,3439.6
503007.5,504925.2,3419.9
501779.4,508365.2,3400.9
501848.9,512101.7,3380.3
501918.4,515838.1,3359.6
501987.9,519574.6,3338.9
503472.6,518459.9,3345.1
505540.3,515347.0,3362.3
507608.1,512234.1,3379.5
508042.5,508576.0,3399.8
508259.2,504845.2,3420.4
508475.9,501114.4,3441.0
508692.6,497383.6,3461.6
510268.4,494125.8,3479.7
510814.1,496135.0,3468.5
510814.1,499872.1,3447.9
512034.1,500189.9,3446.1
514399.6,497296.8,3462.1
513834.3,500386.0,3445.0
512998.1,504028.3,3424.9
512161.8,507670.7,3404.8
513096.4,511220.3,3385.1
514601.9,510337.8,3390.0
516271.1,506994.2,3408.5
517481.7,503495.7,3427.8
518180.8,499824.6,3448.1
518880.0,496153.5,3468.4
519579.1,492482.4,3488.7
521067.2,495474.9,3472.2
522604.2,498881.2,3453.4
522656.4,502401.7,3433.9
521856.4,506046.8,3413.7
521244.1,509733.4,3393.4
520631.8,513420.0,3373.0
518695.9,516603.6,3355.4
516705.6,519766.6,3337.9
514065.9,520309.1,3334.9
510829.0,518441.4,3345.2
507592.1,516573.7,3355.5
506484.1,519542.1,3339.1
505675.5,523190.6,3319.0
504867.0,526839.2,3298.8
506143.0,529916.5,3281.8
508698.6,532643.2,3266.7
511946.2,532288.1,3268.7
511914.5,535222.7,3252.4
511274.3,538904.5,3232.1
510634.0,542586.4,3211.7
509993.8,546268.2,3191.4
511385.1,549734.2,3172.2
513147.3,553006.5,3154.1
515236.3,556105.3,3137.0
517325.2,559204.0,3119.8
519646.0,562131.3,3103.6
522267.0,563327.0,3097.0
525399.5,561289.0,3108.3
528532.0,559251.0,3119.6
529529.0,555916.4,3138.0
529892.2,552197.0,3158.6
530255.3,548477.6,3179.1
530618.5,544758.2,3199.7
530981.6,541038.8,3220.3
531344.8,537319.4,3240.8
531982.2,533638.5,3261.2
532657.3,529962.9,3281.5
533332.4,526287.3,3301.8
533947.2,522605.6,3322.2
534019.5,518869.2,3342.8
534091.7,515132.9,3363.5
534164.0,511396.5,3384.2
534236.3,507660.1,3404.8
534308.5,503923.7,3425.5
534380.8,500187.3,3446.1
534453.1,496450.9,3466.8
534990.1,493122.7,3485.2
538686.0,492569.4,3488.3
542381.9,492016.1,3491.3
546077.8,491462.8,3494.4
549773.7,490909.5,3497.4
553469.6,490356.2,3500.5
554851.7,493266.1,3484.4
555755.2,496892.3,3464.4
556658.6,500518.5,3444.3
557562.1,504144.8,3424.3
558465.5,507771.0,3404.2
560985.0,508165.4,3402.0
564428.2,506712.6,3410.1
566498.4,503848.5,3425.9
567822.2,500388.3,3445.0
568139.0,496664.7,3465.6
568455.9,492941.0,3486.2
568772.8,489217.4,3506.8
568781.8,485512.3,3527.3
568021.2,481853.4,3547.5
567260.6,478194.5,3567.7
564882.9,479434.0,3560.9
562093.5,481920.9,3547.1
559048.9,484087.9,3535.2
556003.6,486254.0,3523.2
554611.2,484626.3,3532.2
554123.8,480921.1,3552.7
553636.4,477215.9,3573.2
553149.1,473510.7,3593.6
552661.7,469805.6,3614.1
552174.3,466100.4,3634.6
553080.0,464752.4,3642.1
556090.6,466966.5,3629.8
559101.3,469180.5,3617.6
562111.9,471394.5,3605.3
564985.0,473753.7,3592.3
567358.2,476640.5,3576.3
569731.5,479527.3,3560.4
572104.7,482414.1,3544.4
573934.6,485573.1,3526.9
574825.9,489202.3,3506.9
575717.1,492831.6,3486.8
576587.8,496465.5,3466.7
577325.8,500129.0,3446.5
578545.1,503521.2,3427.7
581296.4,506050.3,3413.7
580817.9,509121.3,3396.7
579042.6,512409.8,3378.6
577267.3,515698.3,3360.4
575492.1,518986.8,3342.2
572588.8,519075.3,3341.7
571384.6,515537.5,3361.3
569724.3,512689.3,3377.0
565997.4,512965.2,3375.5
564361.1,514967.9,3364.4
564794.1,518679.8,3343.9
565227.1,522391.8,3323.4
566227.7,525983.6,3303.5
567335.1,529552.8,3283.8
569643.1,531217.9,3274.6
573341.1,530678.5,3277.6
575701.5,532069.3,3269.9
576494.8,535721.2,3249.7
577156.5,539388.2,3229.4
577211.9,543124.9,3208.7
578291.9,541921.6,3215.4
579828.9,538515.2,3234.2
581678.6,535310.5,3251.9
583481.0,532289.6,3268.6
583120.4,528569.9,3289.2
582759.7,524850.3,3309.8
583227.3,524720.3,3310.5
584532.7,528221.9,3291.1
585838.2,531723.6,3271.8
587143.6,535225.3,3252.4
588449.1,538726.9,3233.1
590833.3,541228.5,3219.2
594226.4,542794.7,3210.6
597619.4,544360.9,3201.9
600143.8,546666.5,3189.2
601147.9,550266.2,3169.2
602152.0,553865.9,3149.3
603306.4,557417.6,3129.7
604571.1,560934.2,3110.3
602400.4,562296.3,3102.7
598683.9,562598.2,3101.1
594966.2,562217.9,3103.2
593557.4,565379.0,3085.7
592405.5,568934.1,3066.0
591253.6,572489.3,3046.4
589801.9,575915.4,3027.4
588012.6,579196.3,3009.3
587636.8,582488.0,2991.1
589375.3,585796.1,2972.8
591113.8,589104.2,2954.5
592227.6,592415.9,2936.2
590527.0,595743.6,2917.8
588826.4,599071.3,2899.4
587676.0,595814.0,2917.4
586551.3,592250.2,2937.1
585426.5,588686.4,2956.8
584301.8,585122.5,2976.5
583177.0,581558.7,2996.2
582052.3,577994.9,3015.9
580927.5,574431.1,3035.6
579802.8,570867.3,3055.3
578097.7,570323.6,3058.3
576799.7,568843.6,3066.5
576033.5,565185.9,3086.8
574423.6,563012.3,3098.8
570888.7,564224.9,3092.1
568904.7,566428.3,3079.9
569290.1,570145.5,3059.3
571615.0,572984.9,3043.6
574153.2,575727.8,3028.5
574183.9,579452.8,3007.9
573932.0,582292.5,2992.2
571987.2,579101.4,3009.8
570042.4,575910.2,3027.5
568074.4,572734.6,3045.0
566084.5,569627.3,3062.2
565346.2,565963.9,3082.5
564607.8,562300.5,3102.7
563869.5,558637.1,3123.0
563131.1,554973.7,3143.2
562392.8,551310.2,3163.5
560703.8,548013.9,3181.7
558788.3,544805.1,3199.4
556872.7,541596.3,3217.2
554957.1,538387.5,3234.9
553041.5,535178.7,3252.7
551125.9,531969.9,3270.4
549210.3,528761.2,3288.2
547685.8,526658.8,3299.8
548211.9,530358.7,3279.3
548738.0,534058.6,3258.9
549263.8,537758.5,3238.4
549777.5,541460.1,3217.9
550291.3,545161.7,3197.5
550805.1,548863.3,3177.0
551811.6,552461.9,3157.1
552529.3,556114.0,3136.9
552877.4,559834.9,3116.3
553246.6,563552.9,3095.8
553860.9,567239.2,3075.4
554686.8,570725.6,3056.1
558331.7,571550.6,3051.6
558409.8,574475.7,3035.4
557363.0,578063.2,3015.6
557946.4,581324.2,2997.5
560294.3,584231.7,2981.4
562602.5,583488.6,2985.6
564721.4,581253.3,2997.9
565491.1,584910.2,2977.7
565849.9,588607.6,2957.3
565806.6,592344.4,2936.6
566128.2,596055.9,2916.1
566687.3,599750.9,2895.6
567246.5,603446.0,2875.2
568118.9,607066.3,2855.2
569286.3,610616.4,2835.6
570453.7,614166.5,2815.9
569706.0,617775.9,2796.0
568760.8,621391.5,2776.0
568573.5,625094.9,2755.5
568666.9,628830.9,2734.9
568460.3,632113.5,2716.7
565517.8,630070.6,2728.0
563714.3,626797.5,2746.1
561811.6,623581.3,2763.9
559894.5,620373.4,2781.6
558177.2,617124.6,2799.6
558679.2,613421.4,2820.1
559181.3,609718.2,2840.5
559050.5,606015.9,2861.0
558538.1,602314.1,2881.5
558025.6,598612.3,2901.9
557513.1,594910.5,2922.4
556748.6,593273.3,2931.5
555360.9,596743.2,2912.3
553973.1,600213.0,2893.1
551144.7,602462.2,2880.7
547973.2,604193.5,2871.1
545294.8,601587.4,2885.5
542616.4,598981.2,2899.9
539938.0,596375.1,2914.3
536457.1,595881.1,2917.0
534536.7,599087.0,2899.3
532616.3,602292.9,2881.6
530696.0,605498.9,2863.9
529342.7,608929.3,2844.9
528548.4,612581.0,2824.7
527754.1,616232.7,2804.5
526101.6,618819.4,2790.2
522364.5,618819.4,2790.2
518627.4,618819.4,2790.2
515979.5,620930.2,2778.5
513813.9,623975.9,2761.7
511477.6,626886.4,2745.6
509009.8,629692.7,2730.1
506541.9,632499.0,2714.6
503928.2,635159.5,2699.9
502956.2,638194.3,2683.1
503879.8,641815.5,2663.1
504803.3,645436.7,2643.0
506245.0,648847.4,2624.2
508108.7,652086.6,2606.3
509817.1,650444.6,2615.3
511471.0,647093.4,2633.9
513125.0,643742.3,2652.4
514778.9,640391.1,2670.9
516930.2,639408.8,2676.4
519792.1,641811.9,2663.1
522654.1,644215.0,2649.8
525516.1,646618.1,2636.5
528378.1,649021.2,2623.2
531240.0,651424.3,2609.9
531478.3,654524.7,2592.8
530187.0,658031.7,2573.4
528895.8,661538.6,2554.0
527604.5,665045.5,2534.6
526313.3,668552.4,2515.2
525022.0,672059.3,2495.8
523730.7,675566.3,2476.4
521858.5,678174.4,2462.0
518130.6,677911.8,2463.5
514402.8,677649.2,2464.9
510674.9,677386.7,2466.4
506947.1,677124.1,2467.8
504230.1,675259.1,2478.1
502387.9,672007.7,2496.1
500545.7,668756.2,2514.1
498703.4,665504.7,2532.1
498837.7,667347.8,2521.9
499670.3,670990.9,2501.7
500348.5,674660.2,2481.5
500760.1,678374.5,2460.9
501171.7,682088.9,2440.4
501832.2,685720.2,2420.3
503732.2,688938.3,2402.5
504613.3,692535.3,2382.6
505277.5,696212.8,2362.3
505941.8,699890.4,2342.0
506606.0,703568.0,2321.6
507270.3,707245.6,2301.3
509187.0,710255.8,2284.6
511868.9,712858.4,2270.3
514550.8,715460.9,2255.9
517232.7,718063.5,2241.5
519441.8,719204.8,2235.2
520090.7,715524.5,2255.5
520739.6,711844.2,2275.9
521388.5,708163.9,2296.2
522037.4,704483.6,2316.6
522728.6,700819.2,2336.8
524669.9,697625.8,2354.5
526611.1,694432.5,2372.1
528552.4,691239.2,2389.8
530493.7,688045.9,2407.4
532325.5,684797.8,2425.4
533719.0,681330.2,2444.6
535112.6,677862.7,2463.8
536391.6,674364.8,2483.1
536896.4,670662.0,2503.6
537401.2,666959.1,2524.0
537906.0,663256.3,2544.5
538410.7,659553.4,2565.0
538915.5,655850.6,2585.5
541056.3,655343.3,2588.3
544355.5,657098.6,2578.6
547654.7,658854.0,2568.9
550953.9,660609.3,2559.1
554253.0,662364.6,2549.4
557097.2,664512.5,2537.6
558126.5,668099.2,2517.7
558984.4,671736.5,2497.6
560568.0,674922.6,2480.0
563450.5,677301.0,2466.9
565439.4,674482.1,2482.4
567377.1,671286.7,2500.1
569338.4,668105.6,2517.7
569315.5,670698.5,2503.4
568907.1,674413.2,2482.8
568498.7,678127.9,2462.3
568090.2,681842.6,2441.7
570929.7,683324.4,2433.6
572862.5,681249.6,2445.0
573962.9,677678.1,2464.8
574071.7,673993.7,2485.1
574031.9,670286.6,2505.6
574952.7,666664.7,2525.7
575873.4,663042.9,2545.7
576794.2,659421.0,2565.7
577368.9,655743.3,2586.1
577633.9,652015.6,2606.7
577931.7,648293.6,2627.2
578945.6,644696.7,2647.1
579959.4,641099.7,2667.0
581044.6,637748.4,2685.5
583826.6,640243.6,2671.8
586608.7,642738.7,2658.0
589390.8,645233.9,2644.2
591701.3,644138.4,2650.2
593744.7,641009.4,2667.5
595788.0,637880.4,2684.8
597831.4,634751.5,2702.1
599874.8,631622.5,2719.4
601918.1,628493.5,2736.7
603961.5,625364.6,2754.0
603295.9,621898.1,2773.2
602082.7,618363.5,2792.7
600869.4,614828.8,2812.3
599713.3,611288.6,2831.8
600221.0,607586.1,2852.3
600728.7,603883.7,2872.8
601236.4,600181.2,2893.3
601744.1,596478.8,2913.7
602251.8,592776.4,2934.2
602759.5,589073.9,2954.7
603267.1,585371.5,2975.1
603774.8,581669.0,2995.6
604282.5,577966.6,3016.1
604790.2,574264.1,3036.6
607943.2,573777.0,3039.3
611674.1,573992.3,3038.1
615405.0,574207.5,3036.9
615157.9,570681.0,3056.4
614715.0,566970.3,3076.9
614272.1,563259.5,3097.4
613829.2,559548.8,3117.9
613386.3,555838.0,3138.4
612943.4,552127.3,3159.0
612500.5,548416.5,3179.5
612057.6,544705.8,3200.0
611614.7,540995.0,3220.5
611171.8,537284.3,3241.0
610728.9,533573.5,3261.5
610556.4,529853.3,3282.1
610738.7,526120.7,3302.8
610921.1,522388.0,3323.4
611103.4,518655.4,3344.0
611285.7,514922.7,3364.7
611518.8,511222.7,3385.1
614839.0,509507.4,3394.6
618159.1,507792.0,3404.1
619475.6,509276.4,3395.9
619382.2,513012.4,3375.2
619288.8,516748.3,3354.6
620216.1,520359.7,3334.6
621205.0,523963.6,3314.7
622193.9,527567.4,3294.8
623182.8,531171.3,3274.8
623321.3,534819.5,3254.7
622712.7,538506.7,3234.3
622104.2,542193.9,3213.9
621522.3,545879.6,3193.5
622547.4,549473.4,3173.6
624030.3,552515.2,3156.8
627751.6,552858.4,3154.9
629176.6,555892.0,3138.1
629115.0,559603.6,3117.6
632232.0,559910.5,3115.9
635956.2,559600.2,3117.6
637466.7,562609.5,3101.0
638611.7,566166.9,3081.3
639756.7,569724.2,3061.7
640901.7,573281.6,3042.0
642020.3,576528.9,3024.0
642546.5,572829.0,3044.5
643072.6,569129.2,3065.0
643598.7,565429.3,3085.4
646994.5,565780.5,3083.5
650659.4,566511.7,3079.4
653801.9,564881.2,3088.4
656690.7,562591.3,3101.1
657467.0,558935.7,3121.3
658243.3,555280.2,3141.5
659019.6,551624.6,3161.7
659795.9,547969.0,3182.0
660465.4,544296.4,3202.3
660867.8,540581.0,3222.8
661270.3,536865.7,3243.3
661672.7,533150.3,3263.9
662075.1,529435.0,3284.4
662477.6,525719.6,3305.0
658982.9,526500.1,3300.7
657218.8,525248.9,3307.6
657560.9,521527.5,3328.1
657699.9,517890.4,3348.3
654824.4,515503.6,3361.5
651985.2,514673.3,3366.0
649544.6,515898.4,3359.3
648277.5,512382.7,3378.7
647010.4,508867.0,3398.2
645743.3,505351.3,3417.6
644476.2,501835.5,3437.0
643209.1,498319.8,3456.5
641942.0,494804.1,3475.9
642165.3,491127.5,3496.2
642653.1,487422.4,3516.7
643140.9,483717.3,3537.2
642912.8,483482.1,3538.5
641894.2,487077.7,3518.6
640875.6,490673.3,3498.7
639857.0,494268.9,3478.9
638838.4,497864.5,3459.0
637819.8,501460.1,3439.1
638229.7,505169.3,3418.6
638666.9,508880.7,3398.1
639104.2,512592.1,3377.6
639877.0,516224.5,3357.5
641142.7,519740.7,3338.0
642408.4,523257.0,3318.6
643674.0,526773.2,3299.1
645589.3,524320.7,3312.7
647098.4,523108.0,3319.4
647382.2,526834.3,3298.8
647666.1,530560.6,3278.2
647950.0,534286.9,3257.6
647657.3,537969.8,3237.2
646819.5,541611.8,3217.1
645528.4,542883.4,3210.1
643405.8,539807.6,3227.1
641518.8,540854.5,3221.3
640054.0,542136.5,3214.2
639309.7,538474.3,3234.4
638565.3,534812.1,3254.7
637821.0,531149.9,3274.9
637076.7,527487.7,3295.2
636332.3,523825.4,3315.4
635588.0,520163.2,3335.7
634843.6,516501.0,3355.9
634099.3,512838.8,3376.2
633354.9,509176.6,3396.4
632611.7,505514.2,3416.7
632025.8,501823.3,3437.1
631440.0,498132.4,3457.5
630854.1,494441.5,3477.9
630268.3,490750.7,3498.3
629682.4,487059.8,3518.7
629096.6,483368.9,3539.1
628510.7,479678.0,3559.5
627924.9,475987.1,3579.9
627339.0,472296.2,3600.4
626753.2,468605.4,3620.8
626167.3,464914.5,3641.2
625581.5,461223.6,3661.6
625991.5,457644.2,3681.4
627379.3,454174.4,3700.6
628767.0,450704.5,3719.7
629961.2,450631.5,3720.1
630945.9,454236.5,3700.2
631930.5,457841.6,3680.3
632915.2,461446.6,3660.3
633545.0,457981.9,3679.5
634163.7,454296.4,3699.9
635000.2,455783.2,3691.7
634907.5,459519.1,3671.0
635584.2,462878.8,3652.4
638796.3,464674.4,3642.5
642400.4,465662.5,3637.0
646004.5,466650.6,3631.6
649608.6,467638.7,3626.1
651705.4,469834.6,3614.0
651884.0,473567.4,3593.3
652062.7,477300.2,3572.7
652241.3,481033.0,3552.0
652419.9,484765.8,3531.4
652598.6,488498.7,3510.8
652777.2,492231.5,3490.1
654389.8,495599.5,3471.5
656016.5,498964.0,3452.9
657643.2,502328.5,3434.3
660425.1,503992.3,3425.1
664152.3,504264.6,3423.6
667879.4,504537.0,3422.1
671287.6,504263.1,3423.6
672882.0,500883.2,3442.3
674476.4,497503.3,3461.0
673803.8,494036.2,3480.2
672407.3,490570.5,3499.3
669934.0,489064.1,3507.6
666990.5,488807.8,3509.1
666510.3,485101.7,3529.6
666030.1,481395.6,3550.0
665549.8,477689.5,3570.5
665069.6,473983.4,3591.0
663161.9,470883.8,3608.2
662038.8,467556.0,3626.6
662123.6,463819.8,3647.2
661285.4,460275.4,3666.8
659719.7,456882.1,3685.6
658154.0,453488.8,3704.3
656588.4,450095.5,3723.1
655022.7,446702.2,3741.9
653457.0,443308.9,3760.6
652342.7,439912.4,3779.4
654076.1,436620.3,3797.6
656241.6,433574.6,3814.5
658436.4,430550.4,3831.2
660684.1,427564.8,3847.7
661633.1,424129.4,3866.7
661713.6,420393.1,3887.3
661794.1,416656.9,3908.0
661874.6,412920.7,3928.7
661149.0,409344.4,3948.4
659648.3,405921.8,3967.3
660089.7,402826.5,3984.5
662629.1,400084.8,3999.6
664380.2,397005.3,4016.6
664612.7,393275.5,4037.3
664845.1,389545.6,4057.9
665291.9,385871.4,4078.2
666901.2,382498.5,4096.9
668145.1,379004.1,4116.2
668877.9,375339.5,4136.4
669610.7,371675.0,4156.7
671319.3,372892.3,4150.0
673404.5,375993.6,4132.8
675489.7,379094.9,4115.7
676949.3,382378.8,4097.5
676861.2,386114.9,4076.9
676773.0,389850.9,4056.2
676684.9,393587.0,4035.5
676596.7,397323.0,4014.9
676652.8,401058.0,3994.2
676797.3,404792.3,3973.6
676941.9,408526.6,3952.9
677086.4,412260.9,3932.3
677230.9,415995.2,3911.7
678009.4,419591.1,3891.8
679433.9,423046.0,3872.7
680858.4,426501.0,3853.6
682283.0,429955.9,3834.5
684074.6,432949.2,3817.9
687761.6,433559.2,3814.5
690318.2,435837.3,3801.9
692251.2,439035.6,3784.3
694877.4,441456.3,3770.9
698275.9,443010.7,3762.3
701326.8,445074.2,3750.9
704225.0,447412.7,3737.9
707592.6,448704.4,3730.8
710899.4,448163.6,3733.8
712780.4,444934.4,3751.6
714661.4,441705.2,3769.5
716761.1,438788.9,3785.6
720439.7,438130.3,3789.3
724118.3,437471.6,3792.9
727796.9,436813.0,3796.5
731475.5,436154.4,3800.2
734972.0,436965.6,3795.7
738378.6,438502.1,3787.2
740320.9,441480.1,3770.7
741803.5,444910.4,3751.8
743286.2,448340.8,3732.8
744768.9,451771.2,3713.8
743833.1,454191.4,3700.5
740350.9,455548.0,3693.0
736868.7,456904.5,3685.5
733386.5,458261.1,3678.0
729904.4,459617.7,3670.5
726422.2,460974.3,3663.0
722940.0,462330.9,3655.5
719810.7,464334.7,3644.4
716783.9,466526.5,3632.3
713803.4,468754.8,3619.9
712382.2,472211.1,3600.8
710961.0,475667.4,3581.7
709539.8,479123.8,3562.6
708621.6,482669.9,3543.0
708759.0,486404.4,3522.3
708896.3,490139.0,3501.7
709033.7,493873.6,3481.1
706548.5,495905.0,3469.8
702886.4,496166.6,3468.4
701491.6,493397.1,3483.7
700923.8,489703.4,3504.1
700355.9,486009.7,3524.5
699788.1,482316.0,3545.0
698978.9,479225.8,3562.0
696021.0,481509.8,3549.4
693594.2,482540.4,3543.7
693177.2,478826.6,3564.2
692760.3,475112.9,3584.8
691122.9,477238.6,3573.0
689044.2,479938.1,3558.1
685477.3,478823.2,3564.3
681910.4,477708.4,3570.4
681537.9,480293.9,3556.1
682120.1,483985.4,3535.7
682702.3,487676.9,3515.3
683284.6,491368.3,3494.9
683866.8,495059.8,3474.5
684449.0,498751.2,3454.1
685031.3,502442.7,3433.7
685613.5,506134.1,3413.3
686195.7,509825.6,3392.9
685219.2,513379.4,3373.2
683999.2,516911.7,3353.7
682779.1,520444.0,3334.1
681508.9,523899.1,3315.0
677786.2,523571.8,3316.8
675219.5,521464.9,3328.5
674148.4,521170.9,3330.1
674081.9,524907.4,3309.5
674015.5,528643.9,3288.8
673949.1,532380.4,3268.1
671306.4,533797.8,3260.3
667706.1,534317.4,3257.4
669196.9,537744.3,3238.5
670266.7,541266.5,3219.0
670397.3,545001.3,3198.4
670527.8,548736.1,3177.7
668622.4,551750.5,3161.0
666172.0,554572.1,3145.4
669034.8,555719.0,3139.1
672660.3,556625.4,3134.1
676285.8,557531.9,3129.1
678564.0,555128.0,3142.4
680526.1,551947.4,3160.0
683082.8,549796.6,3171.8
686818.3,549687.1,3172.5
688017.5,553012.1,3154.1
689011.9,556614.5,3134.1
690006.3,560216.9,3114.2
691123.9,563776.9,3094.5
692552.6,567230.1,3075.5
693981.3,570683.3,3056.4
695410.0,574136.5,3037.3
696838.8,577589.7,3018.2
698267.5,581042.9,2999.1
699696.2,584496.1,2980.0
701124.9,587949.3,2960.9
701415.1,587800.7,2961.7
700599.6,584153.7,2981.9
699784.0,580506.7,3002.0
698968.4,576859.7,3022.2
698152.9,573212.7,3042.4
697858.5,569592.8,3062.4
699048.0,566050.0,3082.0
700237.5,562507.3,3101.6
701427.0,558964.6,3121.2
704414.1,558608.4,3123.1
704650.9,561660.6,3106.2
703946.4,565330.7,3086.0
703241.8,569000.8,3065.7
705262.1,570939.4,3054.9
707692.2,572665.0,3045.4
707192.8,576368.6,3024.9
706693.4,580072.1,3004.4
706194.0,583775.7,2984.0
707232.8,582853.5,2989.1
709050.8,579588.4,3007.1
710868.7,576323.3,3025.2
711741.6,576201.8,3025.8
711457.7,579928.1,3005.2
711321.6,582694.7,2989.9
712171.1,579055.4,3010.1
713020.6,575416.2,3030.2
713870.1,571776.9,3050.3
714719.7,568137.7,3070.4
715569.2,564498.4,3090.6
716418.7,560859.2,3110.7
717268.2,557219.9,3130.8
718117.8,553580.7,3150.9
718967.3,549941.4,3171.0
719816.8,546302.2,3191.2
720382.7,546864.1,3188.1
720735.4,550584.6,3167.5
721268.3,554281.6,3147.0
721876.9,557968.8,3126.7
722485.5,561656.0,3106.3
722701.6,565295.3,3086.2
721225.2,568728.4,3067.2
720821.4,572401.4,3046.9
720694.6,576136.3,3026.2
720567.9,579871.3,3005.6
720441.1,583606.2,2984.9
720134.7,587317.4,2964.4
719287.2,590957.1,2944.3
718439.8,594596.9,2924.1
717872.6,598256.5,2903.9
718198.5,601979.3,2883.3
718524.5,605702.2,2862.7
717442.4,608886.8,2845.1
714716.2,611442.9,2831.0
711990.0,613999.1,2816.9
709889.3,612250.8,2826.5
708003.4,609024.5,2844.4
705662.5,606825.5,2856.5
702005.9,607596.9,2852.3
698349.3,608368.3,2848.0
694692.7,609139.7,2843.7
694294.5,611700.4,2829.6
695605.8,615199.9,2810.2
696917.1,618699.3,2790.9
698228.4,622198.8,2771.5
699539.8,625698.3,2752.2
702597.2,627279.6,2743.4
706204.1,628257.2,2738.0
709811.1,629234.8,2732.6
713418.0,630212.4,2727.2
717025.0,631190.0,2721.8
720632.0,632167.6,2716.4
723336.7,629801.0,2729.5
725962.6,627142.0,2744.2
728588.5,624482.9,2758.9
731214.3,621823.8,2773.6
734052.4,619966.4,2783.9
737649.8,620978.3,2778.3
741247.3,621990.2,2772.7
744844.8,623002.1,2767.1
748442.3,624014.1,2761.5
752039.7,625026.0,2755.9
754743.3,624756.9,2757.4
755034.9,621031.2,2778.0
755326.6,617305.5,2798.6
755618.2,613579.8,2819.2
755909.8,609854.1,2839.8
756201.5,606128.4,2860.4
756493.1,602402.7,2881.0
756784.7,598677.0,2901.6
757076.4,594951.3,2922.2
756919.5,591306.7,2942.3
755342.9,587918.4,2961.1
753766.2,584530.2,2979.8
752189.6,581142.0,2998.5
750613.0,577753.8,3017.3
749036.3,574365.5,3036.0
747459.7,570977.3,3054.7
746354.0,567917.0,3071.7
750078.7,568220.7,3070.0
753803.4,568524.4,3068.3
757040.2,569996.3,3060.2
759874.3,572432.2,3046.7
762708.4,574868.1,3033.2
765507.9,576962.9,3021.6
767721.7,573997.3,3038.0
766255.3,570559.9,3057.0
765467.3,566988.5,3076.8
765515.9,563251.7,3097.5
763241.1,560684.8,3111.6
761353.0,557605.9,3128.7
759965.3,554136.0,3147.9
758577.5,550666.1,3167.0
759833.4,547328.2,3185.5
761559.8,544013.8,3203.8
764015.9,545257.7,3196.9
764967.0,548871.7,3177.0
765918.1,552485.7,3157.0
766882.4,555917.8,3138.0
768345.1,552478.9,3157.0
769807.8,549040.0,3176.0
771270.5,545601.0,3195.0
771606.8,542450.6,3212.5
768671.0,540138.3,3225.2
767684.9,536657.9,3244.5
767030.8,532978.4,3264.8
770046.0,532003.9,3270.2
769342.2,529058.3,3286.5
767813.1,525648.3,3305.4
766325.6,522220.1,3324.3
764845.3,518788.7,3343.3
763364.9,515357.3,3362.3
761884.6,511925.9,3381.2
764829.4,511404.8,3384.1
763980.8,509450.1,3394.9
761393.0,506754.1,3409.8
762279.2,503838.1,3426.0
764506.6,500837.3,3442.5
766733.9,497836.5,3459.1
768961.2,494835.7,3475.7
770072.2,491287.6,3495.3
771080.5,487689.1,3515.2
771337.3,484083.6,3535.2
770395.5,480467.2,3555.2
767975.0,479332.3,3561.5
764346.1,480225.3,3556.5
760717.3,481118.2,3551.6
757088.5,482011.2,3546.6
753459.6,482904.2,3541.7
752049.8,485310.3,3528.4
752543.7,489014.6,3507.9
753037.5,492719.0,3487.4
753531.3,496423.3,3467.0
754025.2,500127.6,3446.5
754519.0,503831.9,3426.0
755012.8,507536.2,3405.5
755506.7,511240.5,3385.0
756000.5,514944.9,3364.5
756494.4,518649.2,3344.1
755437.3,521238.5,3329.7
751998.6,521634.1,3327.6
751546.4,517924.5,3348.1
750796.5,514271.3,3368.3
749860.5,510653.3,3388.3
748924.5,507035.3,3408.3
747988.5,503417.4,3428.3
746577.6,501767.9,3437.4
744095.0,504561.2,3422.0
742698.9,507807.5,3404.0
742462.2,511537.1,3383.4
742225.4,515266.7,3362.8
741999.3,518994.9,3342.2
743127.4,522557.7,3322.5
744528.8,526014.5,3303.3
745536.1,529482.3,3284.2
744921.9,533168.6,3263.8
746719.1,536187.8,3247.1
746418.2,539912.8,3226.5
747850.0,543233.8,3208.1
749767.0,546441.7,3190.4
751684.1,549649.6,3172.7
748945.1,547206.7,3186.2
746163.0,544711.5,3200.0
743380.9,542216.4,3213.8
741876.2,539019.6,3231.4
741263.0,535333.2,3251.8
740649.9,531646.7,3272.2
740036.7,527960.3,3292.6
739424.8,524273.6,3313.0
738865.2,520578.7,3333.4
738305.6,516883.7,3353.8
737746.0,513188.8,3374.3
737186.3,509493.8,3394.7
736626.7,505798.9,3415.1
736067.1,502103.9,3435.5
735507.4,498409.0,3456.0
738839.3,498371.5,3456.2
738443.0,494655.5,3476.7
738046.6,490939.5,3497.3
737650.3,487223.5,3517.8
738585.7,484750.6,3531.5
742041.1,484241.1,3534.3
744099.4,481337.8,3550.4
743159.8,477720.8,3570.4
741537.8,477047.9,3574.1
739103.0,479883.0,3558.4
736668.2,482718.0,3542.7
734233.4,485553.1,3527.1
731798.6,488388.1,3511.4
729037.8,490721.6,3498.5
725504.8,490130.1,3501.7
721990.7,488858.4,3508.8
718621.7,487487.8,3516.4
718721.3,483752.0,3537.0
718820.9,480016.3,3557.7
720914.6,477930.9,3569.2
724479.9,478372.2,3566.8
727723.5,478939.2,3563.6
729592.9,475703.3,3581.5
731462.3,472467.3,3599.4
733331.7,469231.4,3617.3
734445.7,465699.1,3636.8
735275.4,462055.3,3657.0
736105.2,458411.5,3677.1
736934.9,454767.7,3697.3
737764.6,451123.9,3717.4
738594.3,447480.1,3737.6
739424.0,443836.2,3757.7
740253.7,440192.4,3777.9
741083.5,436548.6,3798.0
741913.2,432904.8,3818.2
742742.9,429261.0,3838.3
743176.9,425714.8,3857.9
740747.4,422875.2,3873.6
738317.9,420035.5,3889.3
735888.5,417195.9,3905.0
733459.0,414356.3,3920.7
731290.7,411380.2,3937.2
730347.9,407764.0,3957.2
729405.2,404147.8,3977.2
728462.4,400531.6,3997.2
727203.2,399204.9,4004.5
725314.9,402429.8,3986.7
723426.6,405654.7,3968.8
723297.7,409336.8,3948.5
720093.3,410006.5,3944.8
716360.4,410182.6,3943.8
712627.5,410358.7,3942.8
710035.5,411789.0,3934.9
709507.8,415488.7,3914.5
708980.2,419188.3,3894.0
708452.6,422888.0,3873.5
705521.9,424344.1,3865.5
701867.1,425124.2,3861.2
698212.4,425904.2,3856.9
698667.0,422201.3,3877.3
699127.0,418492.6,3897.8
699586.9,414783.9,3918.3
698372.2,412114.8,3933.1
694844.5,410881.4,3939.9
691316.8,409648.0,3946.7
691873.6,407443.4,3958.9
693398.6,404275.0,3976.5
693677.6,400548.3,3997.1
693956.5,396821.6,4017.7
694235.4,393095.0,4038.3
694514.3,389368.3,4058.9
694963.3,385659.7,4079.4
695471.9,381957.3,4099.9
695980.4,378255.0,4120.3
695455.5,374556.5,4140.8
694919.8,370858.0,4161.2
694384.1,367159.5,4181.7
696355.4,366378.0,4186.0
699931.3,367463.7,4180.0
702384.5,367761.2,4178.3
700148.9,364766.6,4194.9
698602.4,361413.2,4213.4
697431.7,357864.2,4233.1
696261.1,354315.2,4252.7
695090.5,350766.2,4272.3
696024.4,348785.1,4283.3
699760.0,348891.2,4282.7
700429.2,352491.5,4262.8
701019.6,356181.7,4242.4
701609.9,359871.8,4222.0
702200.2,363562.0,4201.6
702790.6,367252.2,4181.2
703380.9,370942.3,4160.8
703971.3,374632.5,4140.4
704561.6,378322.7,4119.9
705152.0,382012.8,4099.5
707679.2,381223.1,4103.9
710771.9,379125.3,4115.5
713761.6,376899.3,4127.8
716476.4,374331.1,4142.0
719191.2,371762.9,4156.2
721906.0,369194.7,4170.4
724620.8,366626.4,4184.6
727335.6,364058.2,4198.8
730050.4,361490.0,4213.0
732937.7,359134.4,4226.0
736010.2,357007.0,4237.8
739082.6,354879.6,4249.6
742155.1,352752.2,4261.3
